10.7796373272
12.6789835893
13.2121681601
21.1427912696
37.8704838275
56.1809661057
64.7281029179
79.123236562
83.2219139606
87.637170272
101.415770847
101.798937939
102.198838638
102.69867653
103.131798028
103.531743469
103.964916721
104.364800391
104.764657683
105.231180618
105.880889409
106.364117905
106.863941774
107.330414624
107.830327644
108.330060359
112.595384334
139.45295501
141.585511987
143.151671608
145.500862624
147.2169459
155.214285404
155.564195636
155.980668336
156.380565696
156.930336625
157.530159126
157.99665034
158.52983825
159.029668797
159.579489477
160.062652195
160.812381654
161.27886786
161.862018858
162.345222645
162.928314876
163.478136892
164.077977089
164.627765381
165.410829498
166.010614602
166.560437953
167.143686449
173.29151089
179.089579025
188.419799989
195.484045542
207.313366485
212.478436732
223.841117208
232.354974121
237.036679309
239.369221862
240.202340555
240.619527795
241.368581446
242.20163336
242.851411268
243.601155419
244.534193275
247.016684525
249.615764437
253.997669729
255.913668128
259.529108016
270.875287945
281.455039866
291.085174249
294.050786813
298.999113502
303.564293802
311.045091189
313.261009686
314.710522546
315.976763071
316.943117888
317.792818599
318.692487406
320.675154119
333.387560849
345.783376645
366.759610155
372.690971845
373.607337197
374.057151233
377.139502379
395.283422556
398.798894198
402.2310514
406.096371836
424.007016522
433.653728583
441.034568409
450.897919852
468.642043172
473.890244884
477.472288677
497.298994534
502.347260087
517.342278002
530.371211891
536.302485433
536.735743161
537.252155058
537.918634519
538.685051175
539.318154575
540.001236756
540.767693813
541.534066728
542.217136221
542.950269973
543.633362839
544.449739243
545.232788335
546.099192269
551.730689288
555.22941597
555.729264881
558.744952054
576.455635539
581.104054818
622.74000603
