[-1.2064801454544067, -7.6336188316345215, -1.8150789737701416]
[-1.208964228630066, -7.900856018066406, -1.8203126192092896]
[-1.2182738780975342, -8.296514511108398, -1.8311164379119873]
[-1.236210823059082, -8.789627075195312, -1.8492114543914795]
[-1.2604933977127075, -9.398285865783691, -1.8750088214874268]
[-1.2773873805999756, -10.399093627929688, -1.9145638942718506]
[-1.2772477865219116, -11.262020111083984, -1.946205973625183]
[-1.2681270837783813, -12.210379600524902, -1.979494571685791]
[-1.2520126104354858, -13.250875473022461, -2.014927625656128]
[-1.2284042835235596, -14.376532554626465, -2.053708791732788]
[-1.1976332664489746, -15.531225204467773, -2.0974490642547607]
[-1.1607754230499268, -16.709253311157227, -2.143038034439087]
[-1.1208360195159912, -17.860424041748047, -2.189291000366211]
[-1.0777665376663208, -18.979534149169922, -2.236938714981079]
[-1.0331141948699951, -20.022079467773438, -2.286362648010254]
[-0.9877431988716125, -20.981698989868164, -2.338121175765991]
[-0.9401950240135193, -21.868236541748047, -2.392446517944336]
[-0.8912544250488281, -22.659957885742188, -2.4492979049682617]
[-0.7778580784797668, -23.351438522338867, -2.5264437198638916]
[-0.6609001159667969, -23.929969787597656, -2.5987093448638916]
[-0.48785895109176636, -24.386524200439453, -2.6775219440460205]
[-0.3299712836742401, -24.697389602661133, -2.7399988174438477]
[-0.16399909555912018, -24.8065242767334, -2.7979013919830322]
[0.0014353052247315645, -24.785900115966797, -2.8551101684570312]
[0.1464703381061554, -24.63553237915039, -2.9053993225097656]
[0.2961670756340027, -24.374601364135742, -2.9588568210601807]
[0.43557631969451904, -23.999216079711914, -3.0108227729797363]
[0.558362603187561, -23.488725662231445, -3.0608034133911133]
[0.6488441228866577, -22.876083374023438, -3.1002955436706543]
[0.7231078147888184, -22.135326385498047, -3.13291072845459]
[0.7440890669822693, -21.256587982177734, -3.1494479179382324]
[0.7005166411399841, -20.23682975769043, -3.1485753059387207]
[0.6373506188392639, -19.090557098388672, -3.144465923309326]
[0.5651537775993347, -17.758893966674805, -3.1392154693603516]
[0.4830799698829651, -16.254758834838867, -3.132232666015625]
[0.3929501175880432, -14.612164497375488, -3.1244382858276367]
[0.2944079637527466, -12.835693359375, -3.1139307022094727]
[0.19050370156764984, -10.954919815063477, -3.102217197418213]
[0.08190726488828659, -8.971299171447754, -3.09045672416687]
[-0.03062720037996769, -6.895070552825928, -3.0788214206695557]
[-0.14513544738292694, -4.752985954284668, -3.0676798820495605]
[-0.2582360506057739, -2.5965654850006104, -3.0561110973358154]
[-0.3707652688026428, -0.446923166513443, -3.0278561115264893]
[-0.4808129668235779, 1.655574917793274, -2.909742832183838]
[-0.5772232413291931, 3.6750264167785645, -2.8395497798919678]
[-0.660339891910553, 5.583808422088623, -2.8200113773345947]
[-0.7327075600624084, 7.368391990661621, -2.8000097274780273]
[-0.789574384689331, 8.977209091186523, -2.793879270553589]
[-0.8340381979942322, 10.412631034851074, -2.7864019870758057]
[-0.8649131655693054, 11.648755073547363, -2.7784698009490967]
[-0.878617525100708, 12.63958740234375, -2.7689082622528076]
[-0.8731025457382202, 13.353458404541016, -2.7567694187164307]
[-0.8741788268089294, 13.79689884185791, -2.7520699501037598]
[-0.8815430402755737, 13.963156700134277, -2.7535126209259033]
[-0.880145788192749, 13.93891429901123, -2.753159999847412]
[-0.8535027503967285, 13.719465255737305, -2.745558977127075]
[-0.7867358922958374, 13.312034606933594, -2.7288386821746826]
[-0.6796607375144958, 12.747708320617676, -2.7070984840393066]
[-0.5646820068359375, 12.065717697143555, -2.688886880874634]
[-0.44295069575309753, 11.225068092346191, -2.6749720573425293]
[-0.3100084364414215, 10.162782669067383, -2.7019104957580566]
[-0.1649267077445984, 8.816008567810059, -2.6954505443573]
[-0.001551491441205144, 7.155734539031982, -2.7247018814086914]
[0.17626655101776123, 5.1433000564575195, -2.7251782417297363]
[0.36948639154434204, 2.8099865913391113, -2.7316412925720215]
[0.5722633600234985, 0.23836784064769745, -2.7438173294067383]
[0.7808451056480408, -2.477879285812378, -2.7615504264831543]
[0.9932863116264343, -5.270030975341797, -2.7850520610809326]
[1.2028497457504272, -8.0086669921875, -2.8133740425109863]
[1.4076817035675049, -10.667466163635254, -2.842421531677246]
[1.6039689779281616, -13.21992301940918, -2.8714025020599365]
[1.7887660264968872, -15.650555610656738, -2.9003632068634033]
[1.9101128578186035, -17.912147521972656, -2.9202287197113037]
[2.0156474113464355, -20.00933074951172, -2.962994337081909]
[2.07066011428833, -21.948667526245117, -3.1067464351654053]
[2.114666223526001, -23.74951171875, -3.276118040084839]
[2.1491620540618896, -25.34978675842285, -3.4720754623413086]
[2.2123918533325195, -26.739246368408203, -3.6683924198150635]
[2.303921937942505, -27.86626434326172, -3.8039052486419678]
[2.3834331035614014, -28.7165584564209, -3.8372786045074463]
[2.433788537979126, -29.248579025268555, -3.861466646194458]
[2.456937551498413, -29.502777099609375, -3.8729605674743652]
[2.4756741523742676, -29.507265090942383, -3.880722999572754]
[2.528719425201416, -29.3157958984375, -3.9020283222198486]
[2.645733118057251, -28.962158203125, -3.9497549533843994]
[2.7627289295196533, -28.420095443725586, -3.999467372894287]
[2.864546298980713, -27.711837768554688, -4.043032169342041]
[2.941014289855957, -26.790224075317383, -4.074655055999756]
[3.0045342445373535, -25.673765182495117, -4.097839832305908]
[3.0505340099334717, -24.345619201660156, -4.109707832336426]
[3.072004795074463, -22.820999145507812, -4.107730865478516]
[3.056290864944458, -21.139184951782227, -4.089670181274414]
[3.0171620845794678, -19.28571319580078, -4.061646461486816]
[2.9290599822998047, -17.309343338012695, -4.018308162689209]
[2.813239097595215, -15.193704605102539, -3.9686360359191895]
[2.645643949508667, -12.956605911254883, -3.911299228668213]
[2.4764184951782227, -10.637063980102539, -3.856865406036377]
[2.300787925720215, -8.229463577270508, -3.748084545135498]
[2.1263091564178467, -5.748549938201904, -3.665113687515259]
[1.948164939880371, -3.1690778732299805, -3.5897023677825928]
[1.768566608428955, -0.5612156391143799, -3.5027968883514404]
[1.5951484441757202, 2.01979660987854, -3.373887300491333]
[1.4304900169372559, 4.555634498596191, -3.220127820968628]
[1.2851362228393555, 6.983229637145996, -3.098275899887085]
[1.1593955755233765, 9.259663581848145, -3.0081849098205566]
[1.0570710897445679, 11.390594482421875, -2.9799888134002686]
[0.9755479693412781, 13.303323745727539, -2.985856771469116]
[0.9218887686729431, 14.89638900756836, -2.989671230316162]
[0.9601702094078064, 16.041784286499023, -2.9664499759674072]
[1.021114706993103, 16.7244873046875, -2.9407007694244385]
[1.0633563995361328, 17.033376693725586, -2.9244258403778076]
[1.059609293937683, 17.094148635864258, -2.925565004348755]
[1.1029675006866455, 17.078821182250977, -2.909404754638672]
[1.1101725101470947, 16.961362838745117, -2.907219648361206]
[1.1298978328704834, 16.793319702148438, -2.901693820953369]
[1.1726772785186768, 16.547420501708984, -2.8882062435150146]
[1.273608684539795, 16.12706184387207, -2.859982967376709]
[1.4168962240219116, 15.385272026062012, -2.824735164642334]
[1.5741544961929321, 14.28103256225586, -2.7897896766662598]
[1.7448439598083496, 12.777048110961914, -2.754483699798584]
[1.9282184839248657, 10.870384216308594, -2.7221505641937256]
[2.1191694736480713, 8.651766777038574, -2.6940507888793945]
[2.3125357627868652, 6.19848108291626, -2.670701026916504]
[2.5057871341705322, 3.539105176925659, -2.6540794372558594]
[2.7004334926605225, 0.6660878658294678, -2.6482434272766113]
[2.886888265609741, -2.252074956893921, -2.654973030090332]
[3.0623772144317627, -5.116350173950195, -2.6745338439941406]
[3.2288875579833984, -7.828721523284912, -2.7687790393829346]
[3.379448175430298, -10.380334854125977, -2.8060638904571533]
[3.5190155506134033, -12.759613037109375, -2.869784355163574]
[3.6499314308166504, -14.996124267578125, -2.9395906925201416]
[3.776538848876953, -17.134517669677734, -3.056445598602295]
[3.8680787086486816, -19.113208770751953, -3.2446320056915283]
[3.9322004318237305, -20.931316375732422, -3.418586254119873]
[3.9745750427246094, -22.55681800842285, -3.568546772003174]
[4.022972583770752, -23.98188018798828, -3.742396354675293]
[4.105590343475342, -25.183971405029297, -3.856959104537964]
[4.164724349975586, -26.125864028930664, -3.908327102661133]
[4.207782745361328, -26.809940338134766, -3.953099250793457]
[4.238964557647705, -27.2266788482666, -3.978092670440674]
[4.290341854095459, -27.427204132080078, -4.000927448272705]
[4.392990589141846, -27.435955047607422, -4.041950225830078]
[4.51135778427124, -27.31879425048828, -4.089191436767578]
[4.609521865844727, -27.03502082824707, -4.133590221405029]
[4.675046443939209, -26.576169967651367, -4.1728715896606445]
[4.737766265869141, -25.905118942260742, -4.2121686935424805]
[4.779671669006348, -25.02232551574707, -4.241633892059326]
[4.785902500152588, -23.87245750427246, -4.255489826202393]
[4.726237773895264, -22.446334838867188, -4.245197296142578]
[4.660229682922363, -20.80916404724121, -4.23276424407959]
[4.542148113250732, -18.977432250976562, -4.205402374267578]
[4.405895709991455, -17.00389862060547, -4.172668933868408]
[4.307191848754883, -14.899086952209473, -4.1464056968688965]
[4.193906784057617, -12.713338851928711, -4.115294933319092]
[4.00745153427124, -10.45960807800293, -4.074345111846924]
[3.8153271675109863, -8.116555213928223, -3.99342942237854]
[3.6187281608581543, -5.676089763641357, -3.9048469066619873]
[3.4234724044799805, -3.1550452709198, -3.8240811824798584]
[3.231642723083496, -0.6045179963111877, -3.74442720413208]
[3.049057960510254, 1.908926248550415, -3.6355016231536865]
[2.877500534057617, 4.362389087677002, -3.500483751296997]
[2.720937728881836, 6.731845855712891, -3.3376564979553223]
[2.5829033851623535, 9.01246452331543, -3.1614062786102295]
[2.4624457359313965, 11.208783149719238, -3.00004506111145]
[2.361241340637207, 13.282811164855957, -2.8520071506500244]
[2.282156229019165, 15.165792465209961, -2.7231342792510986]
[2.2356719970703125, 16.75841522216797, -2.6592347621917725]
[2.221243143081665, 17.939668655395508, -2.6100919246673584]
[2.239988327026367, 18.66476821899414, -2.60341477394104]
[2.324517011642456, 18.969186782836914, -2.5723140239715576]
[2.4046120643615723, 18.957977294921875, -2.543109655380249]
[2.552600383758545, 18.717391967773438, -2.489933490753174]
[2.71421217918396, 18.246845245361328, -2.431749105453491]
[2.8919413089752197, 17.518030166625977, -2.3696835041046143]
[3.034802198410034, 16.482812881469727, -2.3257882595062256]
[3.1753973960876465, 15.197875022888184, -2.345965623855591]
[3.3248260021209717, 13.724394798278809, -2.424813747406006]
[3.4786531925201416, 12.099482536315918, -2.5437328815460205]
[3.63321852684021, 10.297954559326172, -2.6627187728881836]
[3.7529895305633545, 8.288948059082031, -2.778352975845337]
[3.8127121925354004, 6.026367664337158, -2.909783124923706]
[3.864633560180664, 3.5291454792022705, -3.04514217376709]
[3.892432689666748, 0.8305101990699768, -3.1854946613311768]
[3.898648500442505, -1.942784309387207, -3.279982328414917]
[3.9079291820526123, -4.689462184906006, -3.4102203845977783]
[3.9099817276000977, -7.3042449951171875, -3.5379884243011475]
[3.9048755168914795, -9.808218002319336, -3.5833396911621094]
[3.863044261932373, -12.220712661743164, -3.5968027114868164]
[3.781707525253296, -15.180159568786621, -3.614142417907715]
[3.717487335205078, -16.563350677490234, -3.6189699172973633]
[3.5974793434143066, -19.16301918029785, -3.6966676712036133]
[3.4818060398101807, -20.908815383911133, -3.7112796306610107]
[3.378002643585205, -22.466602325439453, -3.763294219970703]
[3.2803256511688232, -23.758359909057617, -3.816340923309326]
[3.1977903842926025, -24.72585678100586, -3.943023681640625]
[3.1364023685455322, -25.3454532623291, -4.062682151794434]
[3.1467130184173584, -25.653038024902344, -4.090305328369141]
[3.1532163619995117, -25.726842880249023, -4.093076229095459]
[3.1442387104034424, -25.631690979003906, -4.089506149291992]
[3.124389886856079, -25.420900344848633, -4.085732460021973]
[3.1004233360290527, -25.16107749938965, -4.08177375793457]
[3.069204092025757, -24.838518142700195, -4.043972969055176]
[3.0533502101898193, -24.48172950744629, -4.029183864593506]
[3.0667636394500732, -24.091867446899414, -3.964106559753418]
[3.029219627380371, -23.643604278564453, -3.871084690093994]
[2.98478102684021, -23.08722496032715, -3.7549636363983154]
[2.9442355632781982, -22.44316291809082, -3.7341229915618896]
[2.896209716796875, -21.701427459716797, -3.688138723373413]
[2.8442165851593018, -20.85284996032715, -3.6668448448181152]
[2.78456974029541, -19.88117027282715, -3.6393651962280273]
[2.71571683883667, -18.782339096069336, -3.6057870388031006]
[2.63942551612854, -17.588794708251953, -3.5699074268341064]
[2.5574848651885986, -16.317230224609375, -3.5322394371032715]
[2.472278594970703, -15.021851539611816, -3.4943084716796875]
[2.380796194076538, -13.695600509643555, -3.4553394317626953]
[2.286759376525879, -12.368328094482422, -3.4170820713043213]
[2.1891422271728516, -11.022866249084473, -3.378378391265869]
[2.0581932067871094, -9.693257331848145, -3.304464817047119]
[1.9571199417114258, -8.411540031433105, -3.208066940307617]
[1.8594152927398682, -7.26524543762207, -3.046549081802368]
[1.7740678787231445, -6.331273078918457, -2.8854310512542725]
[1.7023366689682007, -5.652686595916748, -2.6782002449035645]
[1.6511389017105103, -5.175593852996826, -2.4863524436950684]
[1.612531065940857, -4.827701568603516, -2.307650089263916]
[1.5526572465896606, -4.549053192138672, -2.156707763671875]
[1.4603312015533447, -4.319515705108643, -2.099337577819824]
[1.3739864826202393, -4.133800029754639, -2.0650835037231445]
[1.2798181772232056, -3.981099843978882, -2.0660059452056885]
[1.1515231132507324, -3.8596503734588623, -2.0679337978363037]
[1.0148640871047974, -3.736093282699585, -2.0704309940338135]
[0.8739992380142212, -3.6030874252319336, -2.0733699798583984]
[0.7223756313323975, -3.4784979820251465, -2.077052354812622]
[0.5714013576507568, -3.3367233276367188, -2.0811767578125]
[0.42746976017951965, -3.2118465900421143, -2.085650682449341]
[0.3544224798679352, -3.12479829788208, -2.088076591491699]
[0.2633114159107208, -3.0546863079071045, -2.0915169715881348]
[0.22739851474761963, -3.009244441986084, -2.0929715633392334]
[0.1831727772951126, -2.9677693843841553, -2.094904661178589]
[0.18288221955299377, -2.9612371921539307, -2.09489369392395]
[0.18288221955299377, -2.9612371921539307, -2.09489369392395]
[0.15832310914993286, -2.9348068237304688, -2.096079111099243]
[0.15721017122268677, -2.909794807434082, -2.096038579940796]
[0.15608924627304077, -2.8846030235290527, -2.0959980487823486]
[0.17983683943748474, -2.856764316558838, -2.0944948196411133]
[0.24377445876598358, -2.838834285736084, -2.0904159545898438]
[0.3214362859725952, -2.835099458694458, -2.085615873336792]
[0.39558520913124084, -2.831524133682251, -2.0808918476104736]
[0.46630242466926575, -2.828209400177002, -2.076521158218384]
[0.5275731086730957, -2.825388193130493, -2.109368324279785]
[0.5913660526275635, -2.822357177734375, -2.105695962905884]
[0.6668215394020081, -2.8183915615081787, -2.10098934173584]
[0.7200716733932495, -2.815824031829834, -2.0980300903320312]
[0.7939063310623169, -2.811980724334717, -2.0936849117279053]
[0.8774638175964355, -2.8073883056640625, -2.088589906692505]
[0.9592394828796387, -2.8029861450195312, -2.1015584468841553]
[1.0112782716751099, -2.800482749938965, -2.098839521408081]
[1.0390169620513916, -2.7991466522216797, -2.0974018573760986]
[1.0390169620513916, -2.7991466522216797, -2.0974018573760986]
[1.0469589233398438, -2.7987723350524902, -2.1020684242248535]
[1.085411548614502, -2.796947956085205, -2.1052141189575195]
[1.0905994176864624, -2.796701192855835, -2.104952812194824]
[1.0905994176864624, -2.796701192855835, -2.104952812194824]
[1.0905994176864624, -2.796701192855835, -2.104952812194824]
[1.0905994176864624, -2.796701192855835, -2.104952812194824]
[1.0905994176864624, -2.796701192855835, -2.104952812194824]
[1.0905994176864624, -2.796701192855835, -2.104952812194824]
[1.0914485454559326, -2.815722942352295, -2.104982376098633]
[1.09272038936615, -2.8442060947418213, -2.1050267219543457]
[1.0941307544708252, -2.8757946491241455, -2.105077028274536]
[1.0954887866973877, -2.9062023162841797, -2.105125665664673]
[1.0964546203613281, -2.937920331954956, -2.100508213043213]
[1.0950398445129395, -2.969470500946045, -2.0713601112365723]
[1.0959872007369995, -3.0014281272888184, -2.0666427612304688]
[1.094893455505371, -3.0328125953674316, -2.041036367416382]
[1.094016671180725, -3.065835952758789, -2.017108917236328]
[1.0942083597183228, -3.101001739501953, -2.003354787826538]
[1.095740795135498, -3.1472010612487793, -1.9987664222717285]